0 (0|1): 0.0
1 (0|1): 0.0
2 (0|1): 1.0
3 (0|1): 0.0
4 (0|1): 0.0
5 (0|1): 1.0
6 (0|1): 0.0
7 (0|0): 0.0
8 (0|0): 0.0
9 (1|0): 1.0
10 (0|1): 0.0
11 (0|1): 0.0
12 (1|1): 1.0
13 (0|1): 0.0
14 (1|1): 0.0
15 (0|1): 1.0
16 (0|0): 0.0
17 (0|1): 1.0
18 (0|0): 0.0
19 (1|0): 0.0
20 (1|1): 0.0
21 (1|1): 0.0
22 (0|0): 0.0
23 (1|1): 0.0
24 (0|0): 1.0
25 (1|0): 0.0
26 (0|0): 1.0
27 (0|1): 0.0
28 (0|1): 0.0
29 (1|0): 1.0
30 (0|0): 0.0
31 (1|1): 0.0
32 (1|0): 0.0
33 (0|0): 0.0
34 (0|1): 0.0
35 (1|1): 0.0
36 (1|1): 0.0
37 (1|0): 0.0
38 (0|1): 1.0
39 (1|0): 1.0
40 (0|0): 1.0
41 (0|1): 0.0
42 (0|1): 0.0
43 (0|1): 0.0
44 (1|0): 1.0
45 (0|0): 0.0
46 (1|1): 0.0
47 (1|1): 0.0
48 (0|1): 1.0
49 (1|1): 0.0
50 (0|1): 1.0
51 (0|0): 0.0
52 (0|1): 0.0
53 (0|1): 0.0
54 (0|0): 1.0
55 (0|1): 0.0
56 (0|0): 1.0
57 (1|1): 0.0
58 (1|1): 0.0
59 (0|1): 0.0
60 (0|0): 0.0
61 (0|0): 1.0
62 (0|1): 1.0
63 (0|0): 0.0
64 (1|1): 0.0
65 (1|1): 0.0
66 (0|0): 0.0
67 (1|1): 0.0
68 (0|1): 0.0
69 (1|1): 1.0
70 (1|0): 1.0
71 (0|0): 1.0
72 (1|0): 1.0
73 (0|1): 0.0
74 (1|0): 0.0
75 (0|1): 0.0
76 (0|1): 1.0
77 (1|1): 1.0
78 (0|1): 0.0
79 (1|1): 0.0
80 (1|0): 0.0
81 (1|1): 0.0
82 (1|1): 0.0
83 (1|0): 0.0
84 (0|1): 0.0
85 (0|1): 0.0
86 (0|0): 1.0
87 (1|0): 0.0
88 (1|0): 1.0
89 (0|0): 0.0
90 (0|0): 0.0
91 (0|1): 1.0
92 (0|0): 0.0
93 (0|1): 0.0
94 (0|1): 1.0
95 (0|1): 0.0
96 (0|0): 1.0
97 (0|0): 0.0
98 (0|1): 0.0
99 (1|1): 1.0
100 (0|0): 1.0
